time(s)	globalZ	gyroAngle	pitch
0.021	1.528668	0.000	-19.873
0.034	0.356919	0.884	-20.120
0.055	-0.406574	1.706	-20.417
0.076	-0.472654	3.197	-20.268
0.097	-0.174283	3.197	-20.268
0.119	-0.063291	3.870	-19.957
0.140	-0.127905	4.606	-19.776
0.161	-0.045058	5.335	-19.620
0.182	0.178079	6.026	-19.468
0.204	0.260697	6.662	-19.253
0.226	0.316634	7.231	-19.015
0.245	0.419269	7.784	-18.853
0.267	0.350151	8.387	-18.735
0.288	0.257922	9.024	-18.614
0.309	0.170084	9.674	-18.522
0.331	0.043040	10.324	-18.508
0.352	-0.013044	11.008	-18.601
0.373	-0.183405	11.770	-18.790
0.396	-0.170077	12.613	-18.997
0.415	0.213194	13.536	-19.115
0.437	0.448567	14.523	-19.108
0.458	0.571023	15.557	-19.053
0.479	0.505910	16.608	-19.075
0.500	0.407601	17.662	-19.256
0.522	0.084794	18.702	-19.639
0.542	-0.190952	19.714	-20.158
0.565	-0.278538	20.800	-20.557
0.585	-0.090387	21.896	-20.754
0.607	0.182921	24.010	-20.747
0.628	0.340864	24.010	-20.747
0.649	0.500203	25.085	-20.744
0.670	0.466120	26.171	-20.781
0.691	0.249623	27.240	-20.810
0.712	0.098938	28.276	-20.776
0.734	0.003692	29.278	-20.676
0.755	0.123577	30.236	-20.522
0.776	0.071476	31.096	-20.389
0.798	-0.528263	31.823	-20.359
0.818	-1.240053	32.447	-20.462
0.839	-1.573452	33.040	-20.613
0.861	-1.455513	33.612	-20.549
0.882	-1.001064	34.175	-20.267
0.903	-0.566966	34.687	-19.825
0.926	-0.271472	35.178	-19.316
0.945	-0.165521	35.655	-18.828
0.967	-0.531233	36.097	-18.405
0.988	-0.920621	36.486	-18.017
1.009	-0.955419	36.873	-17.581
1.030	-0.771829	37.284	-17.040
1.052	-0.578842	37.730	-16.399
1.073	-0.008126	38.261	-15.695
1.095	0.802872	38.882	-15.028
1.116	1.025211	39.570	-14.489
1.137	0.696856	40.316	-14.055
1.157	0.516336	41.074	-13.686
1.179	0.680386	41.885	-13.352
1.200	1.061466	42.793	-13.023
1.221	1.216840	43.751	-12.709
1.242	1.311940	44.733	-12.426
1.264	1.563016	45.754	-12.203
1.286	1.738879	46.787	-12.102
1.306	1.566920	47.791	-12.158
1.327	0.920857	48.767	-12.395
1.349	0.155981	49.795	-12.787
1.369	-0.106243	50.926	-13.217
1.390	0.032917	52.111	-13.640
1.412	0.152522	53.332	-14.054
1.433	0.161392	54.615	-14.449
1.456	0.084955	55.982	-14.821
1.476	0.058777	57.453	-15.207
1.497	0.122613	59.011	-15.642
1.518	0.152939	60.643	-16.140
1.539	0.008396	62.361	-16.639
1.560	-0.304658	64.142	-17.079
1.582	-0.322631	65.983	-17.440
1.602	-0.027577	67.894	-17.709
1.625	0.277856	69.854	-17.965
1.644	0.251590	71.854	-18.252
1.666	-0.130933	73.847	-18.563
1.687	-0.603037	75.832	-18.937
1.709	-0.977053	77.862	-19.395
1.730	-1.131041	79.981	-19.869
1.751	-0.919821	82.221	-20.243
1.773	-0.520259	84.546	-20.433
1.794	-0.046046	86.932	-20.452
1.815	0.531420	89.359	-20.445
1.836	0.831799	91.749	-20.591
1.860	0.674424	94.053	-20.895
1.878	0.078707	96.255	-21.274
1.899	-0.455206	98.383	-21.656
1.920	-0.644044	100.457	-22.007
1.941	-0.673230	102.497	-22.290
1.964	-0.644010	104.517	-22.471
1.986	-0.634096	106.572	-22.495
2.005	-0.479081	108.641	-22.281
2.027	-0.008762	110.686	-21.868
2.049	0.514643	112.654	-21.409
2.069	0.970123	114.419	-21.084
2.090	0.895677	115.927	-21.066
2.112	0.059833	117.214	-21.296
2.132	-0.627023	118.437	-21.532
2.155	-0.860249	119.701	-21.618
2.175	-0.642002	121.112	-21.501
2.196	-0.253505	122.656	-21.241
2.217	-0.100839	124.186	-20.913
2.239	-0.056978	125.609	-20.553
2.260	-0.048840	126.928	-20.226
2.282	-0.006733	128.137	-19.963
2.303	-0.037925	130.018	-19.598
2.324	-0.166419	130.018	-19.598
2.345	-0.118974	130.603	-19.418
2.366	0.213056	130.968	-19.251
2.387	0.496259	131.154	-19.158
2.408	0.558495	131.169	-19.131
2.430	0.454797	131.062	-19.118
2.450	0.220173	130.942	-19.069
2.471	0.113643	130.859	-18.940
2.501	-0.042435	130.805	-18.726
2.515	-0.214666	130.744	-18.422
2.536	-0.263798	130.625	-18.075
2.557	-0.178991	130.428	-17.793
2.578	-0.091676	130.155	-17.658
2.599	-0.194673	129.898	-17.630
2.620	-0.469612	129.733	-17.620
2.641	-0.677675	129.711	-17.520
2.663	-0.377968	129.818	-17.287
2.685	0.131038	130.046	-17.000
2.705	0.487338	130.387	-16.752
2.726	0.757776	130.817	-16.560
2.748	0.996216	131.351	-16.415
2.769	1.046047	132.000	-16.318
2.790	0.831822	132.717	-16.284
2.811	0.334064	133.473	-16.324
2.832	-0.180653	134.329	-16.386
2.854	-0.368538	135.367	-16.365
2.876	-0.228412	136.606	-16.193
2.896	-0.017632	137.973	-15.908
2.917	0.059173	139.348	-15.640
2.938	-0.165643	140.683	-15.498
2.959	-0.677051	142.069	-15.457
2.981	-1.183525	143.533	-15.410
3.002	-1.396918	145.052	-15.274
3.023	-1.462727	148.200	-14.689
3.045	-1.571277	148.200	-14.689
3.065	-1.465892	149.829	-14.197
3.087	-0.877297	151.520	-13.531
3.107	0.028601	153.233	-12.721
3.129	0.892601	154.861	-11.897
3.151	1.483767	156.332	-11.237
3.181	1.646396	157.635	-10.844
3.192	1.510181	158.870	-10.692
3.214	1.503363	160.198	-10.665
3.235	1.590778	161.663	-10.650
3.256	1.593959	163.182	-10.608
3.278	1.346460	164.675	-10.629
3.298	0.935115	166.136	-10.818
3.320	0.549906	167.612	-11.181
3.341	0.275440	169.113	-11.592
3.362	0.218174	170.634	-11.933
3.383	0.365772	172.177	-12.224
3.406	0.466221	173.711	-12.581
3.425	0.445825	175.236	-13.022
3.447	0.397888	176.737	-13.500
3.468	0.350667	178.204	-14.019
3.490	0.213172	179.657	-14.619
3.511	-0.102103	181.120	-15.288
3.532	-0.442214	182.604	-15.958
3.553	-0.654391	184.121	-16.549
3.575	-0.563565	185.694	-16.994
3.596	-0.245375	187.265	-17.310
3.617	-0.138237	188.735	-17.626
3.637	-0.289617	190.057	-18.029
3.659	-0.592702	191.252	-18.481
3.681	-0.733374	192.403	-18.834
3.702	-0.438585	193.563	-18.994
3.723	0.053839	194.739	-19.004
3.744	0.296268	195.885	-19.052
3.766	-0.056035	196.973	-19.302
3.787	-0.698720	198.049	-19.690
3.808	-1.007631	199.165	-20.042
3.829	-1.073737	200.353	-20.247
3.850	-0.986570	201.552	-20.307
3.871	-0.649954	202.664	-20.249
3.892	0.293910	203.678	-20.128
3.914	0.864346	204.525	-20.072
3.946	0.668249	205.203	-20.101
3.955	0.279196	205.718	-20.176
3.977	0.210429	206.097	-20.255
3.999	0.268273	206.407	-20.371
4.019	-0.119106	206.629	-20.544
4.040	-0.332578	206.763	-20.644
4.062	-0.206507	206.846	-20.645
4.083	-0.057005	206.909	-20.630
4.106	-0.091200	206.963	-20.624
4.126	-0.295350	206.985	-20.622
4.146	-0.551795	206.949	-20.599
4.168	-0.626327	206.857	-20.516
4.189	-0.474853	206.717	-20.337
4.210	-0.183547	206.528	-20.099
4.232	0.098100	206.321	-19.888
4.253	0.272389	206.126	-19.740
4.273	0.272959	205.909	-19.629
4.296	0.215225	205.629	-19.513
4.316	0.125991	205.308	-19.422
4.337	0.091840	204.994	-19.372
4.359	0.071414	204.661	-19.341
4.381	0.050611	204.263	-19.290
4.401	0.070745	203.832	-19.209
4.422	-0.006939	203.348	-19.167
4.444	-0.237909	202.840	-19.192
4.466	-0.386139	202.354	-19.260
4.486	-0.241386	201.930	-19.297
4.507	-0.031787	201.545	-19.259
4.529	0.236815	201.164	-19.158
4.550	0.421662	200.755	-19.043
4.571	0.315381	200.302	-18.962
4.592	0.129500	199.795	-18.891
4.613	0.179265	199.208	-18.806
4.637	0.304900	198.516	-18.694
4.656	0.258846	197.616	-18.647
4.676	0.007551	196.587	-18.672
4.698	-0.139916	195.459	-18.748
4.719	-0.054771	194.249	-18.840
4.740	-0.000169	192.975	-18.933
4.761	-0.131345	191.626	-19.010
4.783	-0.096792	190.214	-19.067
4.804	0.220030	188.800	-19.138
4.825	0.480764	187.380	-19.270
4.846	0.394227	185.938	-19.467
4.867	0.257850	184.447	-19.697
4.888	0.338517	182.924	-19.946
4.910	0.457565	181.412	-20.237
4.931	0.718057	179.962	-20.519
4.952	1.001895	177.187	-21.067
4.973	0.962181	177.187	-21.067
4.996	0.292491	175.812	-21.492
5.016	-0.438524	174.441	-22.010
5.036	-0.811414	173.114	-22.496
5.058	-0.772549	171.889	-22.827
5.079	-0.388459	170.824	-22.953
5.100	-0.024460	169.897	-22.951
5.121	-0.239734	169.018	-22.946
5.142	-0.912583	168.111	-23.013
5.165	-1.396588	165.940	-23.156
5.185	-1.219063	165.940	-23.156
5.207	-0.767871	164.547	-23.067
5.228	0.042140	162.896	-22.815
5.249	1.327492	161.076	-22.438
5.270	2.094871	159.173	-22.114
5.291	1.450808	157.172	-22.079
5.313	-0.071807	155.116	-22.369
5.334	-0.913249	153.011	-22.812
5.368	-0.952522	150.932	-23.217
5.375	-0.582571	149.018	-23.441
5.397	-0.194510	147.327	-23.409
5.419	0.059553	145.778	-23.197
5.441	0.152126	144.208	-22.983
5.461	0.150584	142.521	-22.882
5.483	-0.077671	140.695	-22.900
5.503	-0.315089	138.749	-22.954
5.526	-0.274646	136.711	-22.987
5.546	-0.270364	134.626	-22.998
5.567	-0.287973	132.523	-22.956
5.588	0.102352	130.441	-22.796
5.609	0.905419	128.398	-22.497
5.630	1.635294	126.364	-22.126
5.652	1.862870	124.208	-21.887
5.672	1.002575	121.810	-22.003
5.695	-0.424177	119.297	-22.421
5.715	-1.430411	116.863	-22.877
5.737	-1.707461	114.643	-23.060
5.758	-1.260251	112.646	-22.830
5.779	-0.612937	110.735	-22.352
5.800	-0.255470	108.866	-21.848
5.821	-0.151732	107.017	-21.446
5.843	-0.274793	105.143	-21.178
5.864	-0.634115	103.210	-20.965
5.886	-0.821053	101.200	-20.677
5.906	-0.759621	99.122	-20.284
5.927	-0.655049	97.022	-19.865
5.948	-0.646063	94.936	-19.490
5.969	-0.611680	92.880	-19.109
5.991	-0.562331	90.816	-18.644
6.012	-0.248872	88.728	-18.074
6.033	0.229691	86.623	-17.455
6.055	0.625231	84.504	-16.834
6.085	0.917224	82.380	-16.233
6.096	1.208415	80.232	-15.724
6.118	1.599280	78.043	-15.377
6.139	1.795693	75.794	-15.195
6.160	1.585712	73.481	-15.145
6.181	1.128030	71.102	-15.236
6.203	0.735770	68.709	-15.490
6.225	0.447185	66.359	-15.854
6.246	0.247229	64.085	-16.214
6.266	0.084768	61.875	-16.539
6.288	-0.029052	59.754	-16.852
6.309	-0.094537	57.747	-17.192
6.330	-0.222507	55.860	-17.553
6.351	-0.269093	54.071	-17.891
6.372	-0.148851	52.353	-18.201
6.394	-0.028586	50.701	-18.526
6.415	0.036432	49.119	-18.912
6.436	-0.128802	47.611	-19.376
6.457	-0.423311	46.164	-19.855
6.479	-0.523482	44.757	-20.250
6.499	-0.351035	43.428	-20.505
6.521	0.046589	42.230	-20.593
6.542	0.684845	41.126	-20.543
6.564	1.158909	39.950	-20.521
6.586	0.997452	38.566	-20.738
6.605	0.408864	37.065	-21.259
6.627	-0.259977	35.590	-21.995
6.648	-0.877899	34.219	-22.796
6.670	-1.336461	32.959	-23.523
6.690	-1.541164	31.833	-24.003
6.712	-1.364120	30.867	-24.114
6.733	-0.838884	29.993	-23.817
6.756	0.290827	29.122	-23.130
6.775	1.368509	28.106	-22.336
6.806	1.213393	26.710	-21.916
6.817	-0.197152	24.895	-22.050
6.838	-1.323276	22.872	-22.503
6.860	-1.649849	20.855	-22.914
6.882	-1.346929	18.955	-23.032
6.902	-0.708195	17.196	-22.808
6.923	-0.114117	15.571	-22.416
6.945	0.117685	14.070	-22.063
6.966	0.082473	12.609	-21.827
6.987	0.110069	11.141	-21.639
7.008	0.171407	9.655	-21.436
7.029	0.199836	8.142	-21.221
7.050	0.164216	6.654	-21.071
7.072	0.018972	5.260	-21.009
7.093	-0.085222	3.957	-20.951
7.116	0.028892	2.715	-20.826
7.135	0.297044	1.538	-20.617
7.157	0.520156	0.370	-20.390
7.178	0.697272	359.099	-20.271
7.199	0.800142	357.648	-20.347
7.220	0.721854	356.038	-20.614
7.242	0.581083	354.385	-20.991
7.263	0.560621	352.781	-21.399
7.286	0.487923	351.275	-21.782
7.306	0.273101	349.941	-22.055
7.326	-0.092248	348.815	-22.119
7.348	-0.200808	347.857	-21.915
7.369	0.156448	346.979	-21.495
7.390	0.784463	346.118	-20.967
7.411	1.342632	345.120	-20.512
7.432	1.066042	343.805	-20.356
7.453	0.144045	342.145	-20.535
7.475	-0.676000	340.232	-20.902
7.496	-1.099701	338.254	-21.303
7.517	-1.410679	336.337	-21.643
7.539	-1.641355	334.492	-21.797
7.559	-1.685774	332.713	-21.734
7.580	-1.476742	331.046	-21.535
7.601	-1.074674	329.528	-21.255
7.623	-0.642397	328.098	-20.900
7.646	-0.281270	326.641	-20.502
7.665	0.026442	325.097	-20.130
7.687	0.168854	321.815	-19.510
7.708	0.305733	321.815	-19.510
7.729	0.449272	320.112	-19.212
7.750	0.459453	318.371	-18.962
7.772	0.279144	316.600	-18.780
7.793	0.235384	314.822	-18.609
7.822	0.466575	313.054	-18.431
7.836	0.781369	311.320	-18.290
7.856	0.768373	309.614	-18.221
7.878	0.683927	307.927	-18.183
7.898	0.732601	304.567	-18.212
7.919	0.849064	304.567	-18.212
7.941	0.633245	302.956	-18.381
7.962	0.071490	301.398	-18.595
7.983	-0.349427	299.893	-18.771
8.007	-0.540646	298.492	-18.885
8.026	-0.487191	297.195	-18.932
8.047	-0.262477	295.922	-18.929
8.068	0.002251	294.627	-18.941
8.090	0.083096	293.316	-19.018
8.111	-0.065683	292.035	-19.144
8.132	-0.339264	290.814	-19.277
8.153	-0.459203	289.668	-19.383
8.176	-0.369605	288.624	-19.475
8.196	-0.267632	287.711	-19.573
8.216	-0.257308	286.974	-19.663
8.238	-0.299222	286.430	-19.726
8.259	-0.184167	286.062	-19.753
8.280	0.097268	285.861	-19.803
8.302	0.340136	285.824	-19.952
8.330	0.524937	285.980	-20.182
8.344	0.720746	286.350	-20.408
8.365	0.808941	286.940	-20.597
8.386	0.570007	287.747	-20.728
8.407	0.094515	288.710	-20.811
8.428	-0.275692	289.792	-20.875
8.450	-0.611255	290.937	-20.967
8.470	-1.018491	292.125	-21.075
8.492	-1.406247	293.310	-21.148
8.513	-1.620799	294.501	-21.119
8.535	-1.273328	295.742	-20.929
8.556	-0.584226	297.032	-20.604
8.577	-0.048368	298.406	-20.161
8.598	0.409342	299.902	-19.611
8.619	0.631655	301.455	-19.054
8.640	0.311784	302.954	-18.661
8.662	-0.462267	304.360	-18.454
8.683	-1.014919	305.780	-18.285
8.706	-0.908938	307.321	-18.018
8.725	-0.524394	308.993	-17.616
8.746	-0.157632	310.746	-17.084
8.768	0.446092	312.531	-16.527
8.799	1.199154	314.355	-16.049
8.810	1.678628	316.255	-15.676
8.831	1.866531	318.213	-15.373
8.852	1.875341	320.167	-15.181
8.874	1.490864	322.127	-15.210
8.895	0.796115	324.152	-15.456
8.916	0.333222	326.266	-15.808
8.937	0.077415	328.476	-16.138
8.959	0.019968	330.800	-16.375
8.980	0.214292	333.241	-16.548
9.001	0.431813	335.762	-16.745
9.022	0.479344	338.324	-16.981
9.043	0.475323	340.850	-17.259
9.066	0.296344	343.304	-17.570
9.086	0.130727	345.676	-17.882
9.107	-0.029384	347.981	-18.196
9.128	-0.170061	350.263	-18.513
9.149	-0.285787	352.523	-18.812
9.170	-0.354165	354.760	-19.076
9.192	-0.367796	359.316	-19.520
9.213	-0.501551	359.316	-19.520
9.236	-0.820831	4.063	-19.728
9.255	-0.940683	4.063	-19.728
9.276	-0.684717	6.455	-19.698
9.298	-0.495901	8.811	-19.645
9.319	-0.599437	13.310	-19.472
9.340	-0.598218	13.310	-19.472
9.361	-0.260050	15.487	-19.351
9.382	0.197411	17.646	-19.197
9.403	0.585977	19.752	-19.036
9.435	0.647832	21.789	-18.917
9.445	0.527910	23.790	-18.843
9.467	0.378730	25.788	-18.807
9.489	0.302140	27.808	-18.790
9.510	0.148948	29.790	-18.819
9.530	-0.049722	31.670	-18.890
9.552	-0.125505	33.456	-19.032
9.574	-0.243349	35.171	-19.313
9.596	-0.520585	36.861	-19.662
9.616	-0.643973	38.490	-19.933
9.637	-0.413584	40.009	-20.031
9.658	0.005165	41.462	-19.938
9.680	0.395847	42.893	-19.762
9.700	0.535487	44.274	-19.718
9.722	0.182016	45.641	-19.888
9.743	-0.344079	47.030	-20.180
9.766	-0.797296	48.436	-20.395
9.785	-0.637148	49.921	-20.306
9.807	0.204798	51.519	-19.960
9.828	0.736113	53.200	-19.558
9.849	0.522931	54.881	-19.281
9.870	0.017133	56.532	-19.177
9.891	-0.194539	58.159	-19.151
9.913	-0.258954	59.742	-19.151
9.934	-0.342303	61.304	-19.176
9.956	-0.648376	62.878	-19.246
9.976	-0.783505	64.487	-19.309
9.997	-0.580085	66.134	-19.268
10.019	-0.317183	67.794	-19.128
10.039	-0.246415	69.430	-18.957
10.061	-0.288797	71.037	-18.837
10.082	-0.142229	72.604	-18.763
10.103	-0.064503	74.164	-18.707
10.126	-0.009836	75.805	-18.586
10.146	0.280536	77.530	-18.386
10.167	0.658988	79.337	-18.146
10.188	1.062465	81.218	-17.864
10.209	1.341015	83.074	-17.631
10.231	1.128643	84.825	-17.603
10.252	0.088029	86.476	-17.749
10.273	-0.887294	88.055	-17.858
10.295	-1.415560	89.586	-17.791
10.317	-0.642271	91.068	-17.516
10.336	0.370611	92.462	-17.210
10.358	0.703642	93.794	-17.029
10.378	0.599534	95.108	-17.014
10.400	0.287834	96.474	-17.071
10.421	0.010608	97.886	-17.050
10.443	-0.020107	99.267	-16.942
10.464	-0.062653	100.549	-16.851
10.486	-0.092105	101.730	-16.843
10.506	-0.065857	102.821	-16.911
10.527	0.094286	103.824	-17.006
10.548	0.182263	104.763	-17.123
10.569	0.304937	105.664	-17.232
10.591	0.404986	106.553	-17.311
10.621	0.570290	107.428	-17.402
10.632	0.607237	108.262	-17.523
10.655	0.467704	109.041	-17.694
10.675	0.214666	109.741	-17.873
10.697	-0.018856	110.305	-18.063
10.718	-0.160240	110.756	-18.292
10.739	0.010553	111.121	-18.549
10.760	0.077010	111.394	-18.827
10.781	-0.203622	111.585	-19.123
10.803	-0.487200	111.686	-19.399
10.825	-0.516196	111.709	-19.605
10.846	-0.164990	111.692	-19.716
10.866	0.121946	111.668	-19.793
10.888	0.388185	111.685	-19.920
10.910	0.430033	111.695	-20.083
10.929	0.232423	111.666	-20.202
10.951	-0.043447	111.588	-20.333
10.973	-0.248001	111.506	-20.539
10.994	-0.357611	111.410	-20.789
11.015	-0.579902	111.302	-20.980
11.036	-0.633493	111.200	-21.067
11.058	-0.395547	111.106	-21.050
11.079	-0.262653	110.992	-20.989
11.099	-0.209769	110.866	-20.944
11.121	-0.194611	110.716	-20.906
11.142	-0.221953	110.526	-20.767
11.164	-0.101705	110.321	-20.570
11.185	0.107374	110.141	-20.410
11.205	0.227915	109.955	-20.303
11.238	0.194554	109.774	-20.205
11.247	-0.100945	109.572	-20.063
11.269	-0.343380	109.328	-19.806
11.290	-0.102058	109.122	-19.611
11.311	0.314103	108.828	-19.552
11.332	0.363190	108.828	-19.552
